k: [1, 2, 5, 10]
d: [2, 3, 4, 5, 6]
ndcg: [[0.58814458091297495, 0.46094480847183655, 0.30157556719282996, 0.30938291747908736, 0.55615667379934508], [0.48188810582920905, 0.32693623653071563, 0.43081982857211609, 0.28144860952488648, 0.36949014819944376], [0.27393921617718797, 0.31695211297559728, 0.44355286302996272, 0.30963868333561401, 0.35414744921247521], [0.27133006965608281, 0.26713572303262512, 0.30233565028937193, 0.20479153168944858, 0.27555833420172238]]