k: [1, 2, 5, 10]
d: [2, 3, 4, 5, 6]
ndcg: [[0.30849062827485224, 0.22516555827453114, 0.62016189705180635, 0.18379531818870543, 0.47869500035443174], [0.29523749628207713, 0.2510637166547009, 0.26511095388037709, 0.34899733229193958, 0.30550272964100883], [0.31422646506638979, 0.38918294859345653, 0.19764881226666298, 0.3943021460701443, 0.27898245099584579], [0.34483609113748925, 0.26279889892440594, 0.32792114134211298, 0.28880142820190963, 0.3418388646305841]]