k: 10
d: 2
rem_ndcg_evaluation: [0.3739977654617388, 0.3739977654617388, 0.3739977654617388, 0.13482495775076958, 0.13482495775076958, 0.63673990878946796, 0.10434620872510805, 0.10434620872510805, 0.10434620872510805, 0.12113086738040829, 0.12113086738040829, 0.12113086738040829, 0.10276577813116046, 0.10276577813116046, 0.10276577813116046, 0.12633885896088162, 0.12633885896088162, 0.12633885896088162, 0.27278950268383345, 0.27278950268383345, 0.27278950268383345, 0.19992946357358216, 0.19992946357358216, 0.39593460884129972, 0.19243904470595696, 0.19243904470595696, 0.19243904470595696, 0.11290709239861686, 0.11290709239861686, 0.11290709239861686]
full_ndcg_evaluation: [0.10524079608324616, 0.50845771546290985, 0.50845771546290985, 0.50845771546290985, 0.50845771546290985, 0.50845771546290985, 0.50845771546290985, 0.50845771546290985, 0.50845771546290985, 0.50845771546290985, 0.42394729250543689, 0.42394729250543689, 0.42394729250543689, 0.42394729250543689, 0.42394729250543689, 0.42394729250543689, 0.42394729250543689, 0.42394729250543689, 0.42394729250543689, 0.42394729250543689, 0.42394729250543689, 0.42394729250543689, 0.51359551282132487, 0.51359551282132487, 0.51359551282132487, 0.51359551282132487, 0.51359551282132487, 0.51359551282132487, 0.51359551282132487, 0.51359551282132487]