k: 1
d: 2
rem_ndcg_evaluation: [0.12419611355587409, 0.12419611355587409, 0.12419611355587409, 0.12419611355587409, 0.12419611355587409, 0.12419611355587409, 0.12419611355587409, 0.12419611355587409, 0.12419611355587409, 0.12419611355587409, 0.12419611355587409, 0.12419611355587409, 0.12419611355587409, 0.12419611355587409, 0.12419611355587409, 0.12419611355587409, 0.12419611355587409, 0.20086582009709703, 0.20086582009709703, 0.20086582009709703, 0.20086582009709703, 0.20086582009709703, 0.20086582009709703, 0.18737469751197583, 0.21730085004435512, 0.21730085004435512, 0.21730085004435512, 0.21730085004435512, 0.21730085004435512, 0.21730085004435512]
full_ndcg_evaluation: [0.54303259682850014, 0.54303259682850014, 0.54303259682850014, 0.54303259682850014, 0.54303259682850014, 0.54303259682850014, 0.54303259682850014, 0.54303259682850014, 0.54303259682850014, 0.54303259682850014, 0.54303259682850014, 0.54303259682850014, 0.54303259682850014, 0.54303259682850014, 0.54303259682850014, 0.54303259682850014, 0.54303259682850014, 0.54303259682850014, 0.54303259682850014, 0.54303259682850014, 0.54303259682850014, 0.54303259682850014, 0.54303259682850014, 0.54303259682850014, 0.59891156710847493, 0.54220250373070145, 0.54220250373070145, 0.54220250373070145, 0.54220250373070145, 0.54220250373070145]