k: 1
d: 2
rem_ndcg_evaluation: [0.12636208920378814, 0.12636208920378814, 0.12636208920378814, 0.12636208920378814, 0.12636208920378814, 0.12636208920378814, 0.12636208920378814, 0.12636208920378814, 0.12636208920378814, 0.12636208920378814, 0.59587082792769419, 0.59587082792769419, 0.59587082792769419, 0.59587082792769419, 0.59587082792769419, 0.59587082792769419, 0.59587082792769419, 0.59587082792769419, 0.59587082792769419, 0.59587082792769419, 0.59587082792769419, 0.59587082792769419, 0.59587082792769419, 0.59587082792769419, 0.59587082792769419, 0.59587082792769419, 0.59587082792769419, 0.59587082792769419, 0.59587082792769419, 0.59587082792769419]
full_ndcg_evaluation: [0.10288451739788794, 0.10288451739788794, 0.10288451739788794, 0.10288451739788794, 0.10318965350190921, 0.11663016620729995, 0.11663016620729995, 0.11663016620729995, 0.11663016620729995, 0.11663016620729995, 0.11663016620729995, 0.11663016620729995, 0.11663016620729995, 0.11663016620729995, 0.11663016620729995, 0.11663016620729995, 0.11663016620729995, 0.11663016620729995, 0.11663016620729995, 0.11663016620729995, 0.11663016620729995, 0.11663016620729995, 0.11663016620729995, 0.11663016620729995, 0.11663016620729995, 0.11663016620729995, 0.11663016620729995, 0.11663016620729995, 0.11663016620729995, 0.11663016620729995]