k: 1
d: 2
rem_ndcg_evaluation: [0.20013152053028402, 0.20013152053028402, 0.45674716380230607, 0.45674716380230607, 0.45674716380230607, 0.45674716380230607, 0.48813697006029805, 0.59945823811765031, 0.59945823811765031, 0.59945823811765031, 0.59945823811765031, 0.59945823811765031, 0.59945823811765031, 0.59945823811765031, 0.59945823811765031, 0.59945823811765031, 0.59945823811765031, 0.59945823811765031, 0.59945823811765031, 0.59945823811765031, 0.59945823811765031, 0.59945823811765031, 0.60740083501738018, 0.60740083501738018, 0.60740083501738018, 0.60740083501738018, 0.60740083501738018, 0.60740083501738018, 0.60740083501738018, 0.60740083501738018]
full_ndcg_evaluation: [0.11502246000826209, 0.11502246000826209, 0.11502246000826209, 0.11502246000826209, 0.14657711612782362, 0.14657711612782362, 0.1664428904344874, 0.1664428904344874, 0.27875413492217571, 0.27875413492217571, 0.27875413492217571, 0.27875413492217571, 0.27875413492217571, 0.27875413492217571, 0.27875413492217571, 0.27875413492217571, 0.27875413492217571, 0.27875413492217571, 0.27875413492217571, 0.27875413492217571, 0.27875413492217571, 0.27875413492217571, 0.40953056871230176, 0.40953056871230176, 0.40953056871230176, 0.40953056871230176, 0.40953056871230176, 0.40953056871230176, 0.40953056871230176, 0.40953056871230176]