k: 1
d: 2
rem_ndcg_evaluation: [0.10591458404321509, 0.10591458404321509, 0.10591458404321509, 0.10591458404321509, 0.22696099190077776, 0.56697106054668667, 0.56697106054668667, 0.56697106054668667, 0.56697106054668667, 0.64163664853415303, 0.64163664853415303, 0.64163664853415303, 0.64163664853415303, 0.64163664853415303, 0.64163664853415303, 0.64163664853415303, 0.64163664853415303, 0.64163664853415303, 0.64163664853415303, 0.64163664853415303, 0.64163664853415303, 0.64163664853415303, 0.64163664853415303, 0.64163664853415303, 0.64163664853415303, 0.63544053256669464, 0.63497174261080258, 0.63497174261080258, 0.63497174261080258, 0.63497174261080258]
full_ndcg_evaluation: [0.28142210583936045, 0.28142210583936045, 0.28142210583936045, 0.28142210583936045, 0.28142210583936045, 0.28142210583936045, 0.28142210583936045, 0.28142210583936045, 0.28142210583936045, 0.44145319973183866, 0.44145319973183866, 0.44145319973183866, 0.44145319973183866, 0.44145319973183866, 0.44145319973183866, 0.44145319973183866, 0.44145319973183866, 0.44145319973183866, 0.44145319973183866, 0.44145319973183866, 0.44145319973183866, 0.44145319973183866, 0.44145319973183866, 0.44145319973183866, 0.44145319973183866, 0.44145319973183866, 0.44145319973183866, 0.44145319973183866, 0.44145319973183866, 0.44145319973183866]